# oST version 5.0 parameters


[image]

width
1440

height
1080

[narrow_stereo]

camera matrix
1797.893249 0.000000 758.813943
0.000000 1798.807420 558.093565
0.000000 0.000000 1.000000

distortion
-0.071930 0.075803 0.000314 -0.000094 0.000000

rectification
1.000000 0.000000 0.000000
0.000000 1.000000 0.000000
0.000000 0.000000 1.000000

projection
1779.072632 0.000000 758.813699 0.000000
0.000000 1786.380005 557.927410 0.000000
0.000000 0.000000 1.000000 0.000000
