# oST version 5.0 parameters


[image]

width
1440

height
1080

[narrow_stereo]

camera matrix
1793.454952 0.000000 761.635277
0.000000 1791.833615 551.584772
0.000000 0.000000 1.000000

distortion
-0.079407 0.113988 -0.000268 -0.000251 0.000000

rectification
1.000000 0.000000 0.000000
0.000000 1.000000 0.000000
0.000000 0.000000 1.000000

projection
1774.348511 0.000000 761.465815 0.000000
0.000000 1778.797485 551.066105 0.000000
0.000000 0.000000 1.000000 0.000000
