# oST version 5.0 parameters


[image]

width
1440

height
1080

[narrow_stereo]

camera matrix
1781.744151 0.000000 721.012674
0.000000 1781.805113 520.281775
0.000000 0.000000 1.000000

distortion
-0.070227 0.073725 -0.000842 -0.000318 0.000000

rectification
1.000000 0.000000 0.000000
0.000000 1.000000 0.000000
0.000000 0.000000 1.000000

projection
1763.283569 0.000000 720.240093 0.000000
0.000000 1769.532471 519.167888 0.000000
0.000000 0.000000 1.000000 0.000000
