# oST version 5.0 parameters


[image]

width
1440

height
1080

[narrow_stereo]

camera matrix
1802.981958 0.000000 722.400304
0.000000 1801.239698 533.820244
0.000000 0.000000 1.000000

distortion
-0.077961 0.090236 -0.000110 -0.000304 0.000000

rectification
1.000000 0.000000 0.000000
0.000000 1.000000 0.000000
0.000000 0.000000 1.000000

projection
1783.171875 0.000000 721.665780 0.000000
0.000000 1788.140137 533.200973 0.000000
0.000000 0.000000 1.000000 0.000000
